1    -148.32    -115.56    -103.68    -108.36
2    -65.6745    4.49182    -22.6764    11.6582
3    22.7106    25.9909    73.4724    37.9348
4    -177.35    -68.7312    -129.312    -61.128
5    115.2    -17.64    181.728    -17.928
6    -148.32    -116.424    -102.701    -110.203
7    -177.696    -66.312    -129.6    -62.28
8    -178.56    -69.48    -129.6    -63
9    -177.696    -69.768    -129.6    -62.28
10    115.2    -17.4    181.44    -19.08
11    116    -18    181.2    -19.8
12    21.7153    24.9956    73.4724    37.9348
13    115.027    -16.8912    181.382    -18.9648
14    -162.72    -73.8    -116.64    -66.6
15    116.064    -16.2    181.382    -18.9648
16    -162    -72.6    -115    -65
17    -148.32    -119.88    -103.392    -112.968
18    -65.376    5.089    -20.5862    12.554
19    -172.374    102.134    -125.51    101.304
20    -178.8    -69    -130    -62
21    -158.4    -137.16    -113.76    -129.96
22    -158.4    -137.4    -114    -130.2
23    -172.512    106.488    -124.128    103.032
24    117.6    107.4    185.76    132.12
25    -105.09    40.3236    -62.0914    47.49
26    -99.7148    52.8648    -57.911    58.8367
27    113.76    32.76    178.272    40.824
28    26.6919    44.9021    76.4583    58.8367
29    120    -6    187.2    -5.39999
30    -30.5395    7.57733    14.2503    15.0423
31    -94.752    51.192    -51.552    59.832
32    -159    -138    -114    -130
33    -168.48    114.84    -121.2    111
34    -100.212    49.8788    -55.4227    57.3437
35    122.4    29.88    188.64    37.368
36    125.28    31.32    193.824    39.096
37    -172.8    107.64    -123.84    103.32
38    -140.026    -120.571    -96.48    -112.277
39    -162.835    -74.952    -117.216    -66.6576
40    118    108    188.4    133.8
41    -162.72    -69.48    -115.2    -60.84
42    -63.883    5.08902    -22.0792    14.047
43    25.6966    43.9068    77.6527    58.2395
44    -28.0512    -0.302368    17.568    7.99203
45    119.52    29.88    188.64    37.368
46    20.3218    25.9909    74.0695    36.7405
47    131    42    202.8    52.2
48    97.3602    -33.7288    161.061    -34.7241
49    -28.0511    0.112366    16.7386    7.57733
50    -171.6    108.6    -124.8    105
51    -179    -69    -130    -62
52    14.2503    34.9489    66.505    44.9021
53    -171.13    103.378    -122.607    97.1569
54    -126.72    -142.92    -84.96    -135.72
55    -87.7708    46.8928    -42.9811    55.8508
56    -162.144    -68.04    -115.488    -61.128
57    116.64    106.2    185.184    132.408
58    -148.32    -116.424    -103.392    -107.784
59    -162.835    -68.7312    -117.216    -60.4368
60    111.6    76.2    172.8    88.92
61    4.32001    42.84    52.128    56.376
62    -162.144    -73.224    -117.216    -66.312
63    134    69    204    83.4
64    -162.42    -67.0723    -117.631    -59.6073
65    -167.328    122.04    -119.52    117.72
66    -177    152    -130    151
67    -126    -142.2    -84    -135
68    4.32001    64.44    51.84    78.84
69    -164.909    117.893    -117.216    115.128
70    134    -15    206.4    -15
71    21.7152    26.6544    73.5552    37.0224
72    -135.878    -120.571    -90.2592    -114.35
73    -24.48    2.52    21.024    11.448
74    -25.0652    11.061    22.7106    23.0049
75    112    76    172    87
76    13.7527    37.9348    66.9032    47.49
77    -139.68    -119.88    -96.48    -112.968
78    108.806    49.464    171.014    57.7584
79    -168    113.4    -121.2    111
80    -1.17728    -2.67455    48.9873    8.075
81    -134.496    -119.88    -89.568    -114.696
82    112    32    177.12    38.52
83    133    85    201.6    103.8
84    14.112    32.184    65.2608    45.3168
85    -80.0073    36.7405    -40.5923    43.9068
86    132    39    204    48.6
87    -144.864    -114.696    -103.392    -107.784
88    132    40.2    201.6    50.04
89    -139.68    -121.32    -95.04    -118.44
90    122.976    30.456    188.64    37.368
91    96.3649    -32.2358    158.573    -33.48
92    91.3882    -24.7708    156.085    -27.2592
93    -159    157    -114    157
94    14.4    31.32    65.2608    45.3168
95    -160.416    134.136    -114    129
96    132    84.6    201.6    100.44
97    -161.28    133.56    -114    129
98    126    89    192    105
99    -98.5536    49.464    -52.9344    57.7584
100    125    40    194.4    48.6
